134

96999999999 110, 28.

ἀδιήγητος 47,17.

6599919 86,12.

61699999 97,19.

9691999191 106,12.

9169999919 00, 5.

9669999939, 0. 43, 15 20.
02, 21. 03, 10. 1001021.

91912311. 34,11. 38,3. 41,18.
49,14. 25111. 991 91919999
990991 (19199 90991) 115, 6.
m66m‚mm.

9119999 (eod. 91199999) 99, 28

919599 112, 29. ἀηδέστατος
102, 4Ι 6.

9199 39, 4.

9109199999 48, 12. 55, 2391.

9101999 48,14.

9109099 100, 23.

911δι999, 10. 47,18. 06,1. 118,
91. 19919. (19919).

69696999 124, 9.

91099 16, 2

αἴθυγμα 36, 10.

91 9. 9919 προσηκόντων ημῖν
11 91999991221.

(91999999) 12910.

(919999999699) 127, 6.

91919999099112,20.123,16.

91991930, 7. 8. 9199190994, 19.
12, 17. 37, 23. 39, 18 999
43, 23. 44, 1999. 45 7 51, 12.

91 986166,03. 6,15. 7,.15 8,4.
24, 1791. (9Π909999999)8, 7.

9199999999 119, 6.
91999694, 6. 12, 21. 3419999.
30, 6. 8. 41,7. 42, 2699. 44,

ΙΙ. INDEX VERBORUM.

2791. 91909999 999199 6699-
9919 1999 9999999999 099 991-
99999 44, 1599.

91909999199115,11. 124, 8.

9190999969 48, 8.

91909969110,0. 118,14. 120,
13. 27. 124, 19.

919999819. ’

9199969 104, 22

91996999099 53 8 (128, 32).

91919317. 18, 16. 23, 26. 39, 5.
40, 23 al 90919 91919 24 .

9199919919 115, 28.

919999 38, 7. 10. 23. 46,12.14.
03, 2. 60, 10 103, 24. 113, 20.
99 1999199199 911999 118,17.

91919. 1109996991. (9991994812.

699999911929.

9199999099 1,17 10

919999999913.

69199999 56, 8.

6919999 118, 25.

9199994117.

99919919 5,19.

999199099940850 13 57.

9199190099 119141

99699999988, 1.

91996999. 91 6999099999 5, 23.
17,18. 84,.3 106,3.

9199999999 15, 23.

91999999 98, 22.

699139993612, 9169913999

919916994112. 5513 919999-
(119999993917. 619911999999
17114210 009088

91991βῶ9 58, 3.

9999999969 (1919999999999-
99969)106,15.

919999. 9961199392 96119999 1
95, 22, 99969999922, 16. 52,

116. 6 96 9199699999.. ,9199061 (

21 sqq 45, 16 sqq eho. 91-
999999999 43, 2. 44, 24. 91-
9999999999 42 2 43, 22. 45, 16.
9190699909144, 9. 17. 45, 21.
56, 22. 57, 6. 60, 1291.
91909999136. 11,11. 35,14.
36, 12. 44, 13 sqq. 45, 2. 54,

919919 54, 26.
9999119999 58,15. .
6991699911,23.

 

