Π. INDEX VERBORUM.

γενναν 60, 7. 61, 7. (8888-
8888888881888888 πρώτης) 18,14.
γένος7,.1616,.920,.622,3.
23, 8. 2061. τόιῖρχηγὸνθε166
γένος 6616 ἆνθραπων 16,
1166.
γεύεσθαι 46, 22.
γέφυρα 8, 6106, 29.
888888888. (τέχνης) 60, 8.
γῆ10,6. 607109 26 124 2661
γῆρας 62,1. 99,1. 23.
γίγνεσθαι vel γίνεσθαι (pas-
mm 16 Excerpt Aristot„)4 12.
6,..47 7,2.618,10.13. 18,
24.20,1.14θ16.’66γιγνό-
μενον 43 1881. 88 γιγνόμενα
49, 361. 6ἆγεγενημὲνα61, 1.
γιγ6616661638, 21. 39, 6. 41, 7.
43, 27 44, 4. 46, 10 21. 47,
488. 62,7’. 66, 21161
γλίχεσθαι 40, 7
γ166616.γ766666120,14.
γ16611120,12.
γ16166α107,.4 112,11 113, 6.
γνήσιος 10,16.
γ6η6,ί616167.98,16.106,24.
γνώμη3, 11. 8,16. 10,14. 12,
18. 16, 20. 291661.
γνωμικός 10, 11.
γνωρίζειν 39, 7. 44, 19. 27.
888888084,8 8,.14 17, 9.
46, 18. 68,14. 119, 6. γνωρι-
μώτερος 88, 3. 41, 6.
γνωρίμωςὸ, 23. 17, 17.
γνώρισμα 112,19.
γνωριστικός 44,16.
γνῶσιςΙ6,9. 6661111114,
19.70,12.109,1861(6666
θεῶν)11, 14. 109, 29 110 22
112, 961. (6ης θείας αριιης)
γ6618τιιιός 43, 8.
γ666666102,12. τὸγνωστόν
46,11.1966.62,9.

141

γονεύς 122, 2.

γοῦν 121,196.1.

γράφειν 48, 16.

γραῶδης 10811.
γυμναστής 64, 16.
γνμγαστινός. (νέχνη)38, 17.
γύν6116664,1.

γυνή 124, 24.

δᾳδίον 107,17. 116,1
611661661616.
δαιμονίως 13, 6.
δαίμων 12, 17. 18. 16, 26.
δα66611661,07 24. 26. 119,14.
17. 20. 120, 81166.
6611166166 117. 20. 122, 4.
δᾶν(11..6 δη αν)ν 6619,.33
δαπανᾶν40, 6.
δαψιλής 128, 22.
δέ. adp.8,48. 6714
δειγμα8,.16 10,18.
δ ιιιιννναι469 (1661666688 ,6.
δειλία 100,7.
66166.1111.7,12.10,24.19,19.
1661611616 ἔδει 6026.
δεισθαι 362. 46, 26. 60,11)6.1.
66166666,16.112,29. δεινο-
τάτων 114, 8.
δεῖξις 16, 2.
6611666117 27. (61. χείρ).
δένδρον 47, 14.
6611661149. (61666)107,1.0
114,6. ἡδεξιά 6616 χειρῶν
117, 26(61.γείρ).11611166ξι61
108,.2 122,16.
δεόν1ως21, 13. 30, 9. 37, 6.
δεσγ166’11,26.66,20.70,10.
109,28.119,16.18.29.120,
8888888814, 11. 27, 26. 98, 3.
δέχ 6666110763 117101194.
δη1ονότι 33, 28. (127, 22).
δῆλος. 6171666666661661166.

 

